b_random  |b_const
1111011000|0001110000
0000000000|0000000110
0000101100|0001010000
0010100000|0001010100
0000100000|0000010100
0100000000|0101010000
1000011100|0001000100
0001000000|1001010000
0001000100|0000000000
0000000000|0000000000
---------------------
3111011000|0001110000
0000000000|0000000110
0000101100|0001010000
0010100000|0001010100
0000100000|0000010100
0100000000|0101010000
1000011100|0001000100
0001000000|1001030000
0001000100|0000000000
0000000000|0000000000
---------------------
3311011000|0001110000
0000000000|0000000110
0000101100|0001010002
0010100000|0001010100
0000100000|0000010100
0100000000|0101010000
1000011100|0001000100
0001000000|1001030000
0001000100|0000000000
0000000000|0000000000
---------------------
3331011000|0001110000
0000000000|0000000110
0000101100|0001010002
0010100000|0001010100
0000100000|0000010100
0100000000|0101010000
1000011100|0001000100
0001000000|1001230000
0001000100|0000000000
0000000000|0000000000
---------------------
3333011000|0001110000
0000000000|0000000110
0000101100|0001010002
0010100000|0001010100
0000100000|0000210100
0100000000|0101010000
1000011100|0001000100
0001000000|1001230000
0001000100|0000000000
0000000000|0000000000
---------------------
3333211000|0001110000
0000000000|0000000110
0000101100|0001010002
0010100000|0001010100
0000100000|0000210100
0100000000|0101010000
1000011100|2001000100
0001000000|1001230000
0001000100|0000000000
0000000000|0000000000
---------------------
3333231000|0001110000
0000000000|0000000110
0000101100|0001010002
0010100000|0001010100
0000100000|0000210100
0100000000|0101010002
1000011100|2001000100
0001000000|1001230000
0001000100|0000000000
0000000000|0000000000
---------------------
3333233000|0001110000
0000000000|0000000110
0000101100|0001010002
0010100000|0001010100
0000100000|0000210100
0100000000|0101010202
1000011100|2001000100
0001000000|1001230000
0001000100|0000000000
0000000000|0000000000
---------------------
3333233200|0001110000
0000000000|0000000110
0000101100|0001010002
0010100000|0001010100
0000100000|0000210100
0100000000|0101010202
1000011100|2003000100
0001000000|1001230000
0001000100|0000000000
0000000000|0000000000
---------------------
3333233220|0001110000
0000000000|0000000110
0000101100|0001010002
0010100000|0001010100
0000100000|0000210100
0100000000|0101010202
1000011100|2003000100
0001000000|1001230000
0001000100|0020000000
0000000000|0000000000
---------------------
3333233222|0001110000
0000000000|0000000110
0000101100|0003010002
0010100000|0001010100
0000100000|0000210100
0100000000|0101010202
1000011100|2003000100
0001000000|1001230000
0001000100|0020000000
0000000000|0000000000
---------------------
3333233222|0001110000
2000000000|0000000110
0000101100|0023010002
0010100000|0001010100
0000100000|0000210100
0100000000|0101010202
1000011100|2003000100
0001000000|1001230000
0001000100|0020000000
0000000000|0000000000
---------------------
3333233222|0001110000
2200000000|0200000110
0000101100|0023010002
0010100000|0001010100
0000100000|0000210100
0100000000|0101010202
1000011100|2003000100
0001000000|1001230000
0001000100|0020000000
0000000000|0000000000
---------------------
3333233222|0001110000
2220000000|0200000110
0000101100|0023010002
0010100000|0001010100
0000100000|0000210100
0100000000|0101010202
1000011100|2003002100
0001000000|1001230000
0001000100|0020000000
0000000000|0000000000
---------------------
3333233222|0001110000
2222000000|0200000110
0000101100|0023010002
0010100000|0001010100
0000100000|0000210100
0100000000|0101010202
1000011100|2003002100
0001000000|1001230200
0001000100|0020000000
0000000000|0000000000
---------------------
3333233222|0001110000
2222200000|0200000110
0000101100|0023010002
0010100000|0001010100
0000100000|0000210100
0100000000|0101010202
1000011100|2003002100
0001000000|1001230220
0001000100|0020000000
0000000000|0000000000
---------------------
3333233222|0001110000
2222220000|0202000110
0000101100|0023010002
0010100000|0001010100
0000100000|0000210100
0100000000|0101010202
1000011100|2003002100
0001000000|1001230220
0001000100|0020000000
0000000000|0000000000
---------------------
3333233222|0001110000
2222222000|0202000310
0000101100|0023010002
0010100000|0001010100
0000100000|0000210100
0100000000|0101010202
1000011100|2003002100
0001000000|1001230220
0001000100|0020000000
0000000000|0000000000
---------------------
3333233222|0001110000
2222222200|0202000310
0000101100|0023010002
0010100000|0001010100
0000100000|0000210100
0100000000|0301010202
1000011100|2003002100
0001000000|1001230220
0001000100|0020000000
0000000000|0000000000
---------------------
3333233222|0001110000
2222222220|0202000310
0000101100|0023010002
0010100000|0001010100
0000100000|0000210100
0100000000|0301010202
1000011100|2003002100
0001000000|1001230220
0001000100|0020000000
0000000000|0000000020
---------------------
3333233222|0001110000
2222222222|0202000310
0000101100|0023010002
0010100000|0001010100
0000100000|0000210100
0100000000|0301010202
1000011100|2003002100
0001000000|1001230220
0001000100|2020000000
0000000000|0000000020
---------------------
3333233222|0001110000
2222222222|0202000310
2000101100|0023010002
0010100000|0001010100
0000100000|0000210100
0100000000|0301010202
1000011100|2003002100
0001000000|1001230220
0001000100|2020002000
0000000000|0000000020
---------------------
3333233222|0001110000
2222222222|0202000310
2200101100|0023010002
0010100000|0001010100
0000100000|0000210100
0100000000|0301010202
1000011100|2003002100
0001000000|1001232220
0001000100|2020002000
0000000000|0000000020
---------------------
3333233222|0001110000
2222222222|0202000310
2220101100|0023010002
0010100000|0001010100
0000100000|0000210100
0100000000|0301010222
1000011100|2003002100
0001000000|1001232220
0001000100|2020002000
0000000000|0000000020
---------------------
3333233222|0001110000
2222222222|0202000310
2222101100|0023010002
0010100000|0001010100
0000100000|0000210100
0100000000|0301010222
1000011100|2003002100
0001000000|1001232220
0001000100|2020002000
0000000000|0000002020
---------------------
3333233222|0001110000
2222222222|0202000310
2222301100|0023030002
0010100000|0001010100
0000100000|0000210100
0100000000|0301010222
1000011100|2003002100
0001000000|1001232220
0001000100|2020002000
0000000000|0000002020
---------------------
3333233222|0001110000
2222222222|0202000310
2222321100|0023030002
0010100000|0001010100
0000100000|0000230100
0100000000|0301010222
1000011100|2003002100
0001000000|1001232220
0001000100|2020002000
0000000000|0000002020
---------------------
3333233222|0001110000
2222222222|0202000310
2222323100|0023030002
0010100000|0001010100
0000100000|0000230100
0100000000|0301010222
1000011100|2003002100
0001000000|1001232220
0001000100|2020002000
0000000000|0000002022
---------------------
3333233222|0001110000
2222222222|0202000310
2222323300|0023030002
0010100000|0001010100
0000100000|0000230100
0100000000|0301010222
1000011100|2003002100
0001000000|1001232220
0001000100|2020022000
0000000000|0000002022
---------------------
3333233222|0001110000
2222222222|0202020310
2222323320|0023030002
0010100000|0001010100
0000100000|0000230100
0100000000|0301010222
1000011100|2003002100
0001000000|1001232220
0001000100|2020022000
0000000000|0000002022
---------------------
3333233222|0001110000
2222222222|0202020310
2222323322|0023030002
0010100000|0001010100
0000100000|0200230100
0100000000|0301010222
1000011100|2003002100
0001000000|1001232220
0001000100|2020022000
0000000000|0000002022
---------------------
3333233222|0001110000
2222222222|0202020310
2222323322|0023030002
2010100000|0001010100
0000100000|0200230102
0100000000|0301010222
1000011100|2003002100
0001000000|1001232220
0001000100|2020022000
0000000000|0000002022
---------------------
3333233222|0001110000
2222222222|0202020310
2222323322|0023030202
2210100000|0001010100
0000100000|0200230102
0100000000|0301010222
1000011100|2003002100
0001000000|1001232220
0001000100|2020022000
0000000000|0000002022
---------------------
3333233222|0001110000
2222222222|0202020310
2222323322|0023030202
2230100000|0001010100
0000100000|0200230102
0100000000|0321010222
1000011100|2003002100
0001000000|1001232220
0001000100|2020022000
0000000000|0000002022
---------------------
3333233222|0001110000
2222222222|0202020310
2222323322|0023030202
2232100000|0001010100
0000100000|0200230102
0100000000|0321010222
1000011100|2003002102
0001000000|1001232220
0001000100|2020022000
0000000000|0000002022
---------------------
3333233222|0001110000
2222222222|2202020310
2222323322|0023030202
2232300000|0001010100
0000100000|0200230102
0100000000|0321010222
1000011100|2003002102
0001000000|1001232220
0001000100|2020022000
0000000000|0000002022
---------------------
3333233222|0001110000
2222222222|2202020310
2222323322|0023030202
2232320000|0001010300
0000100000|0200230102
0100000000|0321010222
1000011100|2003002102
0001000000|1001232220
0001000100|2020022000
0000000000|0000002022
---------------------
3333233222|0001110000
2222222222|2202020310
2222323322|0023030202
2232322000|0001010300
0000100000|0200230102
0100000000|0321010222
1000011100|2003202102
0001000000|1001232220
0001000100|2020022000
0000000000|0000002022
---------------------
3333233222|0003110000
2222222222|2202020310
2222323322|0023030202
2232322200|0001010300
0000100000|0200230102
0100000000|0321010222
1000011100|2003202102
0001000000|1001232220
0001000100|2020022000
0000000000|0000002022
---------------------
3333233222|0003110000
2222222222|2202020310
2222323322|0023030202
2232322220|0001010300
0000100000|0200230102
0100000000|0321010222
1000011100|2003202102
0001000000|1001232220
0001000100|2020022000
0000000000|0000002222
---------------------
3333233222|0003110020
2222222222|2202020310
2222323322|0023030202
2232322222|0001010300
0000100000|0200230102
0100000000|0321010222
1000011100|2003202102
0001000000|1001232220
0001000100|2020022000
0000000000|0000002222
---------------------
3333233222|0003110020
2222222222|2202020310
2222323322|0023030202
2232322222|0001010300
2000100000|0200232102
0100000000|0321010222
1000011100|2003202102
0001000000|1001232220
0001000100|2020022000
0000000000|0000002222
---------------------
3333233222|0003110020
2222222222|2202020310
2222323322|0023030202
2232322222|0001010300
2200100000|0200232102
0100000000|0321010222
1000011100|2003202102
0001000000|1001232220
0001000100|2020022000
0000000000|2000002222
---------------------
3333233222|0003110020
2222222222|2202020310
2222323322|0023030202
2232322222|0001010300
2220100000|0200232102
0100000000|0321010222
1000011100|2003222102
0001000000|1001232220
0001000100|2020022000
0000000000|2000002222
---------------------
3333233222|0003110020
2222222222|2202020310
2222323322|0023030202
2232322222|0001010300
2222100000|0200232102
0100000000|0321010222
1000011100|2003222102
0001000000|3001232220
0001000100|2020022000
0000000000|2000002222
---------------------
3333233222|0003110020
2222222222|2202020310
2222323322|0023030202
2232322222|0001010300
2222300000|0200232102
0100000000|0321010222
1000011100|2003222102
0001000000|3001232220
0001000100|2020022000
0000000000|2200002222
---------------------
3333233222|0003110020
2222222222|2202020310
2222323322|0023030202
2232322222|0001010300
2222320000|0200232122
0100000000|0321010222
1000011100|2003222102
0001000000|3001232220
0001000100|2020022000
0000000000|2200002222
---------------------
3333233222|0003110020
2222222222|2202020310
2222323322|0023030202
2232322222|0001010300
2222322000|0200232122
0100000000|0321010222
1000011100|2003222102
0001000000|3001232220
0001000100|2020022000
0000000000|2202002222
---------------------
3333233222|2003110020
2222222222|2202020310
2222323322|0023030202
2232322222|0001010300
2222322200|0200232122
0100000000|0321010222
1000011100|2003222102
0001000000|3001232220
0001000100|2020022000
0000000000|2202002222
---------------------
3333233222|2003110020
2222222222|2202020310
2222323322|0023030202
2232322222|0001010300
2222322220|0220232122
0100000000|0321010222
1000011100|2003222102
0001000000|3001232220
0001000100|2020022000
0000000000|2202002222
---------------------
3333233222|2003110020
2222222222|2202020310
2222323322|0023030202
2232322222|0001010320
2222322222|0220232122
0100000000|0321010222
1000011100|2003222102
0001000000|3001232220
0001000100|2020022000
0000000000|2202002222
---------------------
3333233222|2003110020
2222222222|2222020310
2222323322|0023030202
2232322222|0001010320
2222322222|0220232122
2100000000|0321010222
1000011100|2003222102
0001000000|3001232220
0001000100|2020022000
0000000000|2202002222
---------------------
3333233222|2003110020
2222222222|2222020310
2222323322|0023030202
2232322222|0201010320
2222322222|0220232122
2300000000|0321010222
1000011100|2003222102
0001000000|3001232220
0001000100|2020022000
0000000000|2202002222
---------------------
3333233222|2003110020
2222222222|2222020310
2222323322|0023030202
2232322222|0201010320
2222322222|0220232122
2320000000|0321010222
1000011100|2003222102
0001000000|3001232220
0001000100|2020022000
0000000000|2222002222
---------------------
3333233222|2003110020
2222222222|2222020310
2222323322|0023030202
2232322222|0201030320
2222322222|0220232122
2322000000|0321010222
1000011100|2003222102
0001000000|3001232220
0001000100|2020022000
0000000000|2222002222
---------------------
3333233222|2003110020
2222222222|2222020310
2222323322|0023030202
2232322222|0201230320
2222322222|0220232122
2322200000|0321010222
1000011100|2003222102
0001000000|3001232220
0001000100|2020022000
0000000000|2222002222
---------------------
3333233222|2003110020
2222222222|2222020310
2222323322|0023030202
2232322222|0201230320
2222322222|0220232122
2322220000|0321210222
1000011100|2003222102
0001000000|3001232220
0001000100|2020022000
0000000000|2222002222
---------------------
3333233222|2003110020
2222222222|2222020310
2222323322|0023030202
2232322222|0201230320
2222322222|0220232122
2322222000|0321210222
1000011100|2003222102
0001000000|3001232220
0001000100|2020022002
0000000000|2222002222
---------------------
3333233222|2003110020
2222222222|2222020310
2222323322|0023030202
2232322222|0201230320
2222322222|0220232122
2322222200|0321210222
1000011100|2003222102
0001000000|3001232222
0001000100|2020022002
0000000000|2222002222
---------------------
3333233222|2003110020
2222222222|2222020310
2222323322|0223030202
2232322222|0201230320
2222322222|0220232122
2322222220|0321210222
1000011100|2003222102
0001000000|3001232222
0001000100|2020022002
0000000000|2222002222
---------------------
3333233222|2003310020
2222222222|2222020310
2222323322|0223030202
2232322222|0201230320
2222322222|0220232122
2322222222|0321210222
1000011100|2003222102
0001000000|3001232222
0001000100|2020022002
0000000000|2222002222
---------------------
3333233222|2003310020
2222222222|2222220310
2222323322|0223030202
2232322222|0201230320
2222322222|0220232122
2322222222|0321210222
3000011100|2003222102
0001000000|3001232222
0001000100|2020022002
0000000000|2222002222
---------------------
3333233222|2003310020
2222222222|2222220310
2222323322|0223030202
2232322222|0203230320
2222322222|0220232122
2322222222|0321210222
3200011100|2003222102
0001000000|3001232222
0001000100|2020022002
0000000000|2222002222
---------------------
3333233222|2003310020
2222222222|2222220310
2222323322|0223030202
2232322222|0223230320
2222322222|0220232122
2322222222|0321210222
3220011100|2003222102
0001000000|3001232222
0001000100|2020022002
0000000000|2222002222
---------------------
3333233222|2003310020
2222222222|2222220310
2222323322|0223030202
2232322222|0223230320
2222322222|0220232122
2322222222|0321210222
3222011100|2003222102
0001000000|3001232222
0001000100|2020222002
0000000000|2222002222
---------------------
3333233222|2003310020
2222222222|2222220310
2222323322|0223030202
2232322222|0223230320
2222322222|0220232122
2322222222|0321210222
3222211100|2003222102
0001000000|3003232222
0001000100|2020222002
0000000000|2222002222
---------------------
3333233222|2003310020
2222222222|2222220310
2222323322|0223030202
2232322222|0223230320
2222322222|0220232122
2322222222|0323210222
3222231100|2003222102
0001000000|3003232222
0001000100|2020222002
0000000000|2222002222
---------------------
3333233222|2003310020
2222222222|2222220312
2222323322|0223030202
2232322222|0223230320
2222322222|0220232122
2322222222|0323210222
3222233100|2003222102
0001000000|3003232222
0001000100|2020222002
0000000000|2222002222
---------------------
3333233222|2003310020
2222222222|2222220312
2222323322|0223030202
2232322222|0223230320
2222322222|0220232122
2322222222|0323212222
3222233300|2003222102
0001000000|3003232222
0001000100|2020222002
0000000000|2222002222
---------------------
3333233222|2003310020
2222222222|2222220312
2222323322|0223030202
2232322222|0223230320
2222322222|0220232122
2322222222|0323212222
3222233320|2023222102
0001000000|3003232222
0001000100|2020222002
0000000000|2222002222
---------------------
3333233222|2023310020
2222222222|2222220312
2222323322|0223030202
2232322222|0223230320
2222322222|0220232122
2322222222|0323212222
3222233322|2023222102
0001000000|3003232222
0001000100|2020222002
0000000000|2222002222
---------------------
3333233222|2023310020
2222222222|2222220312
2222323322|0223030202
2232322222|0223230320
2222322222|0220232122
2322222222|0323212222
3222233322|2223222102
2001000000|3003232222
0001000100|2020222002
0000000000|2222002222
---------------------
3333233222|2023310020
2222222222|2222220312
2222323322|0223030202
2232322222|0223230320
2222322222|0220232122
2322222222|0323212222
3222233322|2223222102
2201000000|3003232222
0001000100|2020222202
0000000000|2222002222
---------------------
3333233222|2023310020
2222222222|2222220312
2222323322|0223030202
2232322222|0223232320
2222322222|0220232122
2322222222|0323212222
3222233322|2223222102
2221000000|3003232222
0001000100|2020222202
0000000000|2222002222
---------------------
3333233222|2023310020
2222222222|2222220312
2222323322|0223030202
2232322222|0223232322
2222322222|0220232122
2322222222|0323212222
3222233322|2223222102
2223000000|3003232222
0001000100|2020222202
0000000000|2222002222
---------------------
3333233222|2023310220
2222222222|2222220312
2222323322|0223030202
2232322222|0223232322
2222322222|0220232122
2322222222|0323212222
3222233322|2223222102
2223200000|3003232222
0001000100|2020222202
0000000000|2222002222
---------------------
3333233222|2023310220
2222222222|2222220312
2222323322|0223030202
2232322222|0223232322
2222322222|0220232122
2322222222|0323212222
3222233322|2223222122
2223220000|3003232222
0001000100|2020222202
0000000000|2222002222
---------------------
3333233222|2023310220
2222222222|2222220312
2222323322|0223030202
2232322222|0223232322
2222322222|0220232122
2322222222|0323212222
3222233322|2223222122
2223222000|3003232222
0001000100|2220222202
0000000000|2222002222
---------------------
3333233222|2023310220
2222222222|2222220312
2222323322|0223032202
2232322222|0223232322
2222322222|0220232122
2322222222|0323212222
3222233322|2223222122
2223222200|3003232222
0001000100|2220222202
0000000000|2222002222
---------------------
3333233222|2023310220
2222222222|2222220312
2222323322|0223032202
2232322222|2223232322
2222322222|0220232122
2322222222|0323212222
3222233322|2223222122
2223222220|3003232222
0001000100|2220222202
0000000000|2222002222
---------------------
3333233222|2023310220
2222222222|2222220312
2222323322|2223032202
2232322222|2223232322
2222322222|0220232122
2322222222|0323212222
3222233322|2223222122
2223222222|3003232222
0001000100|2220222202
0000000000|2222002222
---------------------
3333233222|2023310220
2222222222|2222220312
2222323322|2223032202
2232322222|2223232322
2222322222|0222232122
2322222222|0323212222
3222233322|2223222122
2223222222|3003232222
2001000100|2220222202
0000000000|2222002222
---------------------
3333233222|2023310220
2222222222|2222220312
2222323322|2223032202
2232322222|2223232322
2222322222|0222232122
2322222222|0323212222
3222233322|2223222122
2223222222|3203232222
2201000100|2220222202
0000000000|2222002222
---------------------
3333233222|2023310220
2222222222|2222220312
2222323322|2223032222
2232322222|2223232322
2222322222|0222232122
2322222222|0323212222
3222233322|2223222122
2223222222|3203232222
2221000100|2220222202
0000000000|2222002222
---------------------
3333233222|2023330220
2222222222|2222220312
2222323322|2223032222
2232322222|2223232322
2222322222|0222232122
2322222222|0323212222
3222233322|2223222122
2223222222|3203232222
2223000100|2220222202
0000000000|2222002222
---------------------
3333233222|2023330220
2222222222|2222220312
2222323322|2223032222
2232322222|2223232322
2222322222|0222232322
2322222222|0323212222
3222233322|2223222122
2223222222|3203232222
2223200100|2220222202
0000000000|2222002222
---------------------
3333233222|2023330220
2222222222|2222220312
2222323322|2223032222
2232322222|2223232322
2222322222|0222232322
2322222222|0323212222
3222233322|2223222122
2223222222|3223232222
2223220100|2220222202
0000000000|2222002222
---------------------
3333233222|2023332220
2222222222|2222220312
2222323322|2223032222
2232322222|2223232322
2222322222|0222232322
2322222222|0323212222
3222233322|2223222122
2223222222|3223232222
2223222100|2220222202
0000000000|2222002222
---------------------
3333233222|2023332220
2222222222|2222220312
2222323322|2223032222
2232322222|2223232322
2222322222|0222232322
2322222222|0323212222
3222233322|2223222122
2223222222|3223232222
2223222300|2220222222
0000000000|2222002222
---------------------
